4294967278,63
4294967278,62
4294967278,357
4294967278,61
4294967278,60
4294967278,356
4294967278,59
4294967278,381
4294967278,58
4294967278,57
4294967278,379
4294967278,56
4294967278,55
4294967278,54
4294967278,53
4294967278,303
4294967278,52
4294967278,51
4294967278,50
4294967278,299
4294967278,49
4294967278,335
4294967278,48
4294967278,355
4294967278,47
4294967278,377
4294967278,46
4294967278,298
4294967278,45
4294967278,376
4294967278,44
4294967278,43
4294967278,42
4294967278,41
4294967278,295
4294967278,40
4294967278,39
4294967278,354
4294967278,38
4294967278,375
4294967278,37
4294967278,36
4294967278,374
4294967278,35
4294967278,34
4294967278,33
4294967278,32
4294967279,86
4294967279,85
4294967279,84
4294967279,83
4294967279,79
4294967279,77
4294967279,76
4294967279,75
4294967279,74
4294967279,71
4294967279,65
4294967279,56
4294967279,54
4294967279,53
4294967279,51
4294967279,50
4294967279,44
4294967279,43
4294967279,42
4294967279,35
4294967279,34
4294967279,32
4294967279,31
4294967279,29
4294967279,23
4294967279,22
4294967279,20
4294967279,19
4294967279,16
4294967279,269
4294967279,286
4294967279,13
4294967279,421
4294967279,443
4294967279,11
4294967279,284
4294967279,10
4294967279,264
4294967279,402
4294967279,282
4294967278,326
4294967278,350
4294967294,429
4294967294,187
4294967278,324
4294967278,251
4294967278,347
4294967278,241
196,3
196,2
196,1
4294967278,240
4294967278,237
4294967278,235
4294967278,226
4294967278,225
4294967278,228
4294967278,217
4294967278,365
4294967278,345
4294967278,210
4294967278,209
4294967278,207
4294967278,208
4294967278,319
4294967278,206
4294967278,205
4294967278,204
4294967279,203
4294967279,433
4294967279,89
4294967279,385
4294967278,315
4294967278,199
4294967278,389
4294967279,454
4294967279,200
4294967278,198
4294967278,197
4294967279,198
4294967278,196
4294967279,197
4294967278,195
4294967279,196
4294967278,359
4294967279,80
4294967279,432
4294967294,393
4294967279,78
4294967279,453
4294967278,340
4294967279,191
4294967278,189
4294967279,190
4294967278,188
4294967278,186
4294967279,189
4294967278,187
4294967278,311
4294967279,188
4294967278,185
4294967279,186
4294967278,184
4294967279,185
4294967278,183
4294967278,387
4294967279,413
4294967279,68
4294967294,1246
4294967294,1077
4294967294,170
4294967294,1078
4294967294,422
4294967294,185
4294967294,1069
4294967279,182
4294967279,69
4294967279,312
4294967278,307
4294967278,178
4294967279,66
4294967279,452
4294967279,179
4294967278,177
4294967279,177
4294967279,176
4294967294,388
4294967294,387
4294967279,175
4294967279,60
4294967279,411
4294967279,429
4294967279,57
4294967279,447
4294967279,169
4294967279,168
4294967279,167
4294967279,166
4294967279,164
4294967279,163
4294967279,160
4294967279,408
4294967279,449
4294967279,45
4294967279,157
4294967279,156
4294967279,154
4294967279,153
4294967279,152
4294967279,405
4294967279,38
4294967279,426
4294967294,390
4294967294,389
4294967294,114
4294967279,445
4294967279,147
4294967279,146
4294967279,145
4294967279,144
4294967279,142
4294967279,141
4294967294,12
4294967294,127
4294967294,18
4294967279,26
4294967279,276
4294967279,27
4294967279,456
4294967279,448
4294967294,397
4294967294,396
4294967294,409
4294967294,386
4294967294,179
4294967294,421
4294967294,178
4294967294,407
4294967294,1076
4294967294,1420
4294967294,167
4294967294,183
4294967294,454
4294967294,160
4294967294,468
4294967294,108
4294967279,24
4294967279,290
4294967279,135
4294967279,444
4294967279,273
4294967279,272
4294967294,443
4294967294,186
4294967294,1068
4294967294,99
4294967294,76
4294967294,41
4294967279,288
4294967294,5
4294967279,17
4294967279,422
4294967294,107
4294967294,92
4294967294,90
4294967294,87
4294967294,86
4294967294,84
4294967294,414
4294967294,1245
4294967294,51
4294967294,52
4294967294,439
4294967294,44
4294967294,425
4294967294,43
4294967294,82
4294967278,130
4294967278,129
4294967278,128
4294967278,127
4294967278,126
4294967278,123
4294967278,121
4294967278,120
4294967278,119
4294967278,118
4294967278,117
4294967278,116
4294967278,115
4294967278,109
4294967278,108
4294967278,107
4294967278,106
4294967278,105
4294967278,218
4294967278,104
4294967278,216
4294967278,103
4294967278,102
4294967278,364
4294967278,101
4294967278,100
4294967278,99
4294967278,98
4294967278,97
4294967278,96
4294967278,95
4294967278,94
4294967278,316
4294967278,93
4294967278,343
4294967278,92
4294967278,344
4294967278,91
4294967278,361
4294967278,90
4294967278,384
4294967278,89
